01 78 83
01 95 99
01 109 110
01 116 120
01 392 399
01 408 409
01 416 422
01 503 666
01 868 875
01 878 897
01 900 910
01 932 1101
02 273 320
02 724 764
03 295 340
03 582 622
04 380 428
04 649 692
05 469 786
06 345 625
06 815 825
06 856 905
06 921 1007
07 300 307
07 423 494
07 563 605
08 1 36
09 136 183
09 496 547
09 551 563
09 565 566
09 741 755
09 875 908
09 924 937
09 946 955
09 969 981
09 1013 1044
09 1104 1133
09 1138 1163
10 571 583
10 593 607
10 637 656
10 678 690
10 699 713
10 724 755
10 783 793
10 805 818
11 13 34
11 48 96
11 113 125
11 144 164
11 308 346
12 539 579
12 592 617
12 645 658
12 673 687
12 695 729
12 759 795
12 822 843
13 259 286
13 458 466
13 473 510
14 399 410
14 417 455
14 485 507
15 498 587
16 632 740
17 1 56
17 99 426
18 1 294
19 109 248
20 65 144
20 168 241
21 14 66
