01_001 765 0 0 765
01_0015 433 1 86 373
01_0025 601 1 148 202
01_0027 409 1 77 151
01_0028 457 1 266 330
01_004 770 0 0 770
01_0051 337 1 98 325
01_0052 337 1 119 231
01_0053 457 1 80 315
01_0055 313 1 68 312
01_0056 529 1 263 397
01_006 506 0 0 506
01_0064 289 1 76 288
01_008 1010 0 0 1010
01_012 738 0 0 738
01_0135 409 1 167 355
01_0136 529 1 133 445
01_0139 217 1 85 191
01_0141 313 1 78 223
01_0162 193 1 57 160
01_0177 317 1 106 191
01_018 842 0 0 842
01_021 1010 0 0 1010
01_026 736 0 0 736
01_027 944 0 0 944
01_028 945 0 0 945
01_030 969 0 0 969
01_032 1192 0 0 1192
01_034 890 0 0 890
01_038 482 0 0 482
01_039 962 0 0 962
01_040 1168 0 0 1168
01_043 878 0 0 878
01_045 602 0 0 602
01_047 1057 0 0 1057
01_050 806 0 0 806
01_052 962 0 0 962
01_053 1106 0 0 1106
01_055 722 0 0 722
01_056 1010 0 0 1010
01_057 734 0 0 734
01_058 734 0 0 734
01_059 734 0 0 734
01_061 890 0 0 890
01_064 650 0 0 650
01_065 616 0 0 616
01_071 1052 0 0 1052
01_072 1053 0 0 1053
01_074 1041 0 0 1041
01_075 568 0 0 568
01_076 554 0 0 554
01_077 698 0 0 698
01_078 1034 0 0 1034
01_079 712 0 0 712
01_080 788 0 0 788
01_081 789 0 0 789
01_082 808 0 0 808
02_001 908 0 0 908
02_003 736 0 0 736
02_007 302 0 0 302
02_008 302 0 0 302
02_009 602 0 0 602
02_012 227 0 0 227
02_015 202 0 0 202
02_0161 337 1 68 287
03_002 402 0 0 402
03_0031 529 1 327 386
03_0032 409 1 144 263
03_0033 313 1 51 166
03_005 427 0 0 427
03_0059 433 1 131 277
04_0004 865 1 426 555
04_0011 313 1 0 312
04_0012 361 1 0 343
04_002 913 0 0 913
04_0046 529 1 161 336
04_005 976 0 0 976
04_007 427 0 0 427
04_008 1702 0 0 1702
04_011 552 0 0 552
04_014 627 0 0 627
04_016 327 0 0 327
04_017 502 0 0 502
04_018 651 0 0 651
05_0017 433 1 283 415
05_0019 649 1 244 403
05_0023 769 1 171 591
05_004 602 0 0 602
05_005 626 0 0 626
05_009 866 0 0 866
05_010 1250 0 0 1250
05_013 818 0 0 818
05_016 554 0 0 554
05_018 809 0 0 809
05_021 1058 0 0 1058
05_023 734 0 0 734
05_025 734 0 0 734
05_026 506 0 0 506
05_028 877 0 0 877
05_030 554 0 0 554
05_033 1178 0 0 1178
05_034 962 0 0 962
05_038 482 0 0 482
05_039 781 0 0 781
05_041 781 0 0 781
05_043 769 0 0 769
05_044 769 0 0 769
05_045 769 0 0 769
05_048 739 0 0 739
05_049 739 0 0 739
05_054 738 0 0 738
05_056 738 0 0 738
05_057 738 0 0 738
05_058 738 0 0 738
05_060 1034 0 0 1034
05_061 1069 0 0 1069
05_062 1070 0 0 1070
05_064 482 0 0 482
05_065 1034 0 0 1034
06_003 1024 0 0 1024
06_006 726 0 0 726
06_009 400 0 0 400
06_011 256 0 0 256
06_0144 241 1 59 201
06_015 846 0 0 846
06_0153 217 1 112 180
06_017 723 0 0 723
06_018 723 0 0 723
06_020 723 0 0 723
06_021 723 0 0 723
06_022 724 0 0 724
06_026 1336 0 0 1336
06_028 754 0 0 754
06_029 754 0 0 754
06_030 757 0 0 757
07_0006 385 1 159 261
07_0008 457 1 177 364
07_002 777 0 0 777
07_0048 241 1 189 240
07_005 727 0 0 727
07_008 302 0 0 302
08_001 817 0 0 817
08_002 1298 0 0 1298
08_004 770 0 0 770
08_0058 337 1 0 250
08_006 785 0 0 785
08_007 785 0 0 785
08_0077 457 1 34 429
08_008 786 0 0 786
08_0080 289 1 9 205
08_010 721 0 0 721
08_011 722 0 0 722
08_0157 313 1 138 282
08_0158 337 1 92 255
08_016 937 0 0 937
08_021 1322 0 0 1322
08_023 818 0 0 818
08_024 745 0 0 745
08_025 746 0 0 746
08_028 1082 0 0 1082
08_029 901 0 0 901
08_030 902 0 0 902
08_032 801 0 0 801
08_034 805 0 0 805
08_037 1106 0 0 1106
08_043 1178 0 0 1178
08_045 798 0 0 798
08_046 798 0 0 798
08_047 798 0 0 798
08_048 798 0 0 798
09_002 832 0 0 832
09_003 520 0 0 520
09_005 502 0 0 502
09_007 1577 0 0 1577
10_0038 241 1 0 227
10_004 1827 0 0 1827
10_0042 433 1 0 363
10_005 1852 0 0 1852
10_008 1227 0 0 1227
10_009 627 0 0 627
10_011 777 0 0 777
11_003 677 0 0 677
11_004 252 0 0 252
11_005 1102 0 0 1102
11_006 552 0 0 552
12_001 427 0 0 427
12_004 1077 0 0 1077
12_007 852 0 0 852
12_008 727 0 0 727
12_011 1652 0 0 1652
12_012 627 0 0 627
12_0142 601 1 74 600
12_015 1052 0 0 1052
12_0151 289 1 0 234
12_0173 217 1 51 167
12_0174 337 1 93 336
13_001 602 0 0 602
13_005 386 0 0 386
13_006 458 0 0 458
